Channel 1
0.000000
0.000000
0.000000
0.000000
0.000000
0.000000
0.000000
0.000000
0.000000
0.000000
0.000000
0.000000
0.000000
0.000000
0.000000
0.000000
0.000000
0.000000
0.000000
0.000000
0.000000
0.000000
0.000000
0.000000
0.000000
0.000000
0.000000
0.000000
0.000000
0.000000
800.000000
0.000000
0.000000
0.000000
0.000000
0.000000
0.000000
0.000000
0.000000
0.000000
0.000000
0.000000
0.000000
0.000000
0.000000
0.000000
0.000000
0.000000
0.000000
0.000000
0.000000
0.000000
0.000000
0.000000
0.000000
0.000000
0.000000
0.000000
0.000000
0.000000
0.000000
0.000000
0.000000
0.000000
0.000000
0.000000
0.000000
0.000000
0.000000
0.000000
0.000000
0.000000
0.000000
0.000000
0.000000
0.000000
0.000000
0.000000
0.000000
0.000000
0.000000
0.000000
0.000000
0.000000
0.000000
0.000000
0.000000
0.000000
0.000000
0.000000
0.000000
0.000000
0.000000
0.000000
0.000000
0.000000
0.000000
0.000000
0.000000
0.000000
0.000000
0.000000
0.000000
0.000000
0.000000
0.000000
0.000000
0.000000
0.000000
0.000000
0.000000
0.000000
0.000000
0.000000
0.000000
0.000000
0.000000
0.000000
0.000000
0.000000
0.000000
0.000000
0.000000
0.000000
0.000000
0.000000
0.000000
0.000000
0.000000
0.000000
0.000000
0.000000
0.000000
0.000000
0.000000
0.000000
0.000000
0.000000
0.000000
0.000000
0.000000
0.000000
0.000000
0.000000
0.000000
0.000000
0.000000
0.000000
0.000000
0.000000
0.000000
0.000000
0.000000
0.000000
0.000000
0.000000
0.450000
0.730000
0.750000
0.780000
0.880000
1.030000
1.230000
1.360000
1.640000
1.910000
2.040000
2.470000
2.870000
3.470000
4.400000
5.160000
6.320000
8.560000
10.490000
12.280000
15.370000
18.040000
21.010000
24.060000
27.880000
32.060000
35.730000
38.700000
41.520000
44.770000
46.800000
49.170000
51.560000
53.770000
55.130000
56.290000
57.620000
59.360000
62.030000
64.820000
67.060000
69.120000
71.040000
72.970000
75.010000
77.080000
79.160000
81.230000
82.390000
83.720000
85.050000
86.340000
87.640000
89.130000
90.010000
90.870000
91.420000
91.570000
91.970000
91.970000
92.430000
93.210000
93.940000
94.310000
94.920000
95.650000
96.530000
96.980000
97.460000
98.040000
98.460000
98.770000
98.920000
99.420000
99.700000
99.570000
99.300000
99.450000
99.750000
99.750000
99.900000
100.000000
100.000000
100.000000
100.000000
100.000000
100.000000
100.000000
100.000000
100.000000
99.800000
98.940000
98.210000
97.280000
96.700000
95.850000
94.840000
93.960000
92.930000
91.900000
91.170000
90.360000
89.910000
89.230000
89.380000
88.780000
88.020000
87.590000
87.020000
86.860000
86.440000
85.910000
84.930000
84.020000
81.810000
80.020000
78.380000
76.300000
74.510000
72.270000
70.180000
68.420000
66.610000
64.670000
63.360000
62.050000
60.590000
59.390000
57.900000
56.740000
55.560000
54.780000
54.330000
53.200000
51.960000
51.840000
51.530000
50.980000
51.110000
50.960000
50.350000
49.190000
47.580000
46.530000
45.220000
43.410000
41.800000
40.160000
38.120000
36.210000
34.900000
33.870000
33.270000
33.270000
32.640000
31.930000
30.900000
30.170000
29.440000
28.130000
26.980000
25.060000
24.940000
22.570000
21.740000
19.980000
18.670000
17.940000
16.480000
15.580000
14.950000
14.770000
12.250000
11.680000
10.340000
9.890000
9.540000
8.480000
8.180000
8.200000
7.320000
6.570000
6.440000
6.720000
7.170000
7.150000
7.450000
8.180000
8.330000
9.210000
10.690000
11.470000
13.240000
13.690000
14.420000
16.480000
17.410000
18.620000
19.750000
20.580000
21.490000
22.670000
21.670000
23.300000
23.600000
24.640000
25.520000
25.340000
26.570000
27.050000
26.750000
27.650000
29.390000
29.390000
30.550000
29.820000
30.550000
31.450000
32.010000
32.590000
34.200000
35.630000
37.700000
39.580000
41.190000
43.110000
44.840000
46.750000
48.390000
50.330000
51.810000
52.540000
52.720000
53.300000
54.050000
54.960000
54.980000
54.860000
54.550000
54.300000
53.850000
53.620000
53.600000
53.450000
53.570000
53.400000
54.150000
55.160000
56.190000
57.200000
58.710000
60.270000
61.730000
63.970000
66.210000
68.620000
70.110000
71.310000
73.100000
74.280000
74.810000
75.390000
76.120000
75.840000
75.420000
74.790000
75.210000
76.400000
77.000000
78.030000
79.270000
80.350000
81.130000
81.860000
81.980000
82.160000
81.730000
80.830000
79.890000
79.110000
78.180000
77.100000
76.350000
76.070000
75.920000
75.890000
76.170000
76.200000
76.250000
75.820000
75.520000
75.520000
75.540000
75.240000
75.110000
74.690000
73.930000
73.450000
72.950000
72.670000
72.420000
71.990000
71.210000
70.730000
70.580000
70.580000
70.760000
70.760000
70.480000
70.360000
70.230000
69.980000
69.980000
69.830000
69.400000
68.970000
68.500000
68.070000
67.820000
67.510000
67.040000
66.530000
65.980000
65.530000
65.050000
64.590000
64.070000
63.610000
63.160000
62.560000
62.100000
62.000000
61.680000
60.800000
59.790000
58.580000
57.520000
56.220000
55.210000
54.180000
53.040000
51.710000
51.460000
50.880000
50.300000
50.580000
50.430000
50.130000
49.520000
48.920000
49.470000
48.440000
46.500000
44.890000
43.530000
41.340000
39.560000
37.490000
36.440000
34.630000
31.980000
30.520000
29.790000
28.030000
27.430000
26.850000
25.240000
25.240000
24.510000
24.690000
23.330000
22.400000
21.010000
22.450000
22.320000
22.470000
23.930000
24.510000
24.940000
25.110000
26.770000
28.560000
29.040000
27.760000
26.600000
25.110000
23.530000
22.350000
21.460000
20.560000
19.530000
18.220000
18.240000
18.670000
20.280000
22.020000
22.120000
21.340000
20.280000
20.990000
20.940000
20.460000
20.260000
19.500000
19.350000
18.500000
19.250000
20.790000
22.290000
22.040000
21.490000
23.130000
24.760000
27.150000
27.880000
28.490000
29.820000
30.100000
30.670000
31.400000
33.010000
33.320000
32.740000
32.440000
31.980000
32.710000
32.690000
32.990000
33.570000
34.170000
35.350000
36.540000
38.170000
39.480000
40.970000
42.730000
44.340000
46.100000
47.430000
49.370000
50.250000
51.310000
52.040000
53.120000
53.700000
53.700000
54.030000
54.330000
54.660000
54.300000
54.930000
55.330000
56.060000
56.490000
57.370000
58.400000
59.160000
60.220000
61.050000
62.230000
63.110000
63.840000
64.290000
64.700000
65.320000
66.080000
66.940000
68.070000
69.400000
71.010000
72.920000
74.530000
75.970000
77.430000
78.990000
79.990000
81.150000
82.180000
83.220000
83.520000
83.640000
83.840000
84.350000
84.250000
83.840000
83.540000
82.810000
81.930000
80.900000
80.200000
79.190000
78.280000
77.400000
76.950000
76.520000
76.120000
76.120000
75.690000
75.260000
74.840000
74.530000
74.410000
74.110000
73.930000
73.750000
73.580000
73.180000
73.050000
72.770000
72.290000
71.820000
71.340000
71.190000
70.630000
70.180000
70.030000
69.700000
69.120000
68.850000
68.700000
68.420000
67.990000
67.260000
66.630000
66.050000
65.220000
64.490000
64.020000
63.410000
62.830000
62.230000
61.680000
61.050000
60.670000
60.370000
60.020000
59.610000
59.160000
58.400000
57.520000
56.770000
55.840000
55.110000
54.380000
53.500000
52.640000
51.740000
50.860000
50.250000
49.950000
49.820000
49.670000
49.670000
49.620000
49.040000
48.590000
48.440000
48.440000
48.340000
47.310000
46.120000
45.120000
43.660000
42.330000
41.140000
39.960000
38.480000
37.020000
35.660000
35.230000
34.950000
33.740000
32.840000
32.130000
30.780000
30.320000
29.010000
27.830000
27.250000
26.220000
24.030000
22.870000
22.470000
21.870000
22.350000
21.620000
21.460000
20.890000
19.700000
18.820000
18.950000
18.950000
18.040000
18.190000
18.470000
19.050000
19.930000
20.760000
20.730000
21.140000
22.290000
23.630000
25.110000
24.810000
24.230000
23.530000
23.530000
24.460000
26.550000
27.910000
28.660000
29.240000
29.820000
31.000000
32.180000
33.640000
34.370000
34.370000
34.070000
34.220000
34.070000
33.770000
33.470000
33.190000
32.590000
31.530000
30.670000
29.670000
29.240000
29.370000
29.520000
29.670000
29.670000
29.640000
30.100000
30.950000
31.350000
31.780000
32.060000
31.780000
31.300000
31.300000
31.450000
31.610000
32.060000
32.410000
33.320000
34.930000
36.710000
38.320000
40.410000
42.020000
43.480000
45.820000
47.710000
49.040000
50.810000
52.320000
52.870000
52.870000
52.870000
53.020000
53.620000
53.200000
53.040000
53.470000
53.350000
53.450000
53.770000
54.810000
55.560000
56.490000
57.350000
58.380000
59.610000
60.820000
61.830000
62.430000
63.160000
63.790000
64.670000
65.500000
66.430000
67.340000
68.340000
69.950000
71.010000
71.590000
72.320000
72.870000
73.330000
73.960000
74.560000
75.740000
76.040000
75.890000
76.320000
77.680000
78.430000
79.490000
80.250000
80.670000
80.620000
80.120000
79.790000
79.160000
78.860000
77.830000
77.250000
76.500000
75.890000
74.990000
74.110000
73.130000
72.600000
71.920000
71.160000
70.230000
69.350000
68.500000
67.740000
67.440000
67.040000
66.880000
66.830000
66.780000
66.380000
66.580000
66.830000
66.780000
66.510000
66.560000
66.810000
66.360000
65.350000
65.050000
64.720000
63.690000
62.960000
62.380000
62.100000
61.750000
61.150000
60.570000
59.940000
58.630000
57.600000
56.690000
55.360000
54.030000
52.940000
51.510000
50.630000
49.750000
49.470000
49.370000
49.250000
49.270000
49.270000
49.470000
49.470000
49.650000
49.520000
49.670000
49.820000
49.970000
49.970000
50.400000
50.860000
51.280000
51.430000
50.200000
49.020000
47.960000
46.350000
44.540000
42.900000
40.840000
38.780000
36.210000
34.450000
34.170000
33.010000
31.250000
30.220000
29.590000
28.860000
27.200000
25.870000
25.640000
24.760000
22.550000
21.240000
20.510000
19.300000
18.420000
18.420000
19.480000
20.230000
20.210000
19.330000
20.630000
21.340000
22.520000
24.430000
24.760000
25.920000
26.800000
27.830000
28.710000
30.200000
30.800000
31.680000
32.410000
32.590000
33.770000
33.490000
33.820000
33.970000
34.400000
35.130000
35.730000
36.790000
37.520000
38.550000
39.280000
39.880000
39.980000
40.560000
41.170000
41.750000
42.350000
42.750000
43.360000
44.060000
44.510000
44.490000
44.490000
43.890000
43.890000
45.070000
44.440000
44.010000
43.560000
42.850000
42.700000
43.000000
43.460000
43.940000
43.630000
41.850000
41.570000
41.320000
41.320000
41.600000
42.050000
42.330000
42.900000
43.460000
44.240000
45.420000
46.750000
47.910000
48.690000
48.840000
49.140000
49.600000
49.920000
51.260000
51.510000
51.660000
51.910000
52.160000
52.390000
52.870000
53.300000
53.770000
54.200000
53.770000
54.550000
55.130000
55.760000
56.820000
58.000000
58.730000
59.340000
59.860000
60.290000
60.740000
61.000000
61.580000
62.180000
62.300000
62.330000
62.760000
63.210000
63.690000
64.720000
65.750000
67.540000
68.470000
69.200000
69.650000
70.080000
70.260000
70.260000
70.110000
69.530000
69.070000
67.770000
67.140000
66.360000
66.100000
65.550000
65.070000
64.900000
65.050000
65.020000
64.720000
64.570000
64.320000
64.190000
64.020000
64.320000
65.680000
65.950000
66.230000
66.280000
67.460000
67.770000
67.740000
67.740000
68.070000
69.400000
68.020000
67.590000
67.190000
66.990000
66.380000
65.900000
65.630000
65.170000
64.090000
62.000000
61.450000
60.740000
59.690000
58.810000
57.350000
56.470000
55.710000
54.980000
54.430000
53.550000
52.640000
51.890000
52.370000
51.940000
51.380000
50.780000
50.380000
49.950000
49.350000
48.740000
48.310000
48.040000
46.650000
46.830000
47.060000
47.260000
47.810000
48.720000
49.300000
49.870000
50.030000
50.030000
50.930000
50.500000
49.500000
49.020000
47.680000
45.600000
44.140000
42.830000
41.950000
40.870000
38.800000
37.570000
36.990000
36.080000
35.660000
35.510000
35.200000
34.750000
34.300000
34.050000
33.920000
33.640000
33.340000
33.190000
32.740000
32.740000
32.740000
32.890000
33.040000
33.320000
33.440000
33.440000
33.440000
33.320000
33.740000
34.050000
34.200000
34.350000
34.470000
34.750000
35.050000
35.480000
36.360000
37.820000
39.150000
40.460000
41.040000
41.490000
41.950000
41.800000
41.800000
42.250000
42.100000
41.220000
39.910000
38.600000
38.020000
37.570000
37.140000
37.750000
38.320000
38.170000
37.870000
37.870000
38.150000
38.420000
38.850000
39.460000
39.880000
40.210000
40.510000
41.390000
42.150000
42.750000
43.360000
43.960000
44.740000
45.290000
46.020000
45.970000
46.250000
46.400000
46.980000
47.560000
47.710000
47.990000
48.390000
48.990000
49.020000
49.620000
49.770000
49.470000
49.450000
49.170000
49.300000
49.190000
48.740000
48.340000
48.890000
48.620000
48.620000
48.640000
48.360000
48.640000
48.790000
49.320000
49.920000
50.500000
50.960000
52.010000
53.040000
54.180000
55.540000
56.540000
57.850000
59.080000
60.290000
61.300000
62.200000
63.360000
65.000000
66.230000
67.240000
69.020000
69.630000
70.060000
70.790000
71.990000
72.240000
71.920000
71.040000
70.730000
70.280000
69.250000
68.970000
68.700000
67.940000
66.730000
66.360000
66.530000
66.510000
66.050000
65.800000
65.250000
64.800000
64.320000
64.040000
63.710000
63.540000
62.960000
62.230000
61.930000
61.630000
61.300000
61.020000
60.770000
60.740000
60.340000
59.740000
58.980000
58.580000
58.130000
57.670000
57.370000
57.070000
56.920000
56.470000
56.590000
56.590000
57.020000
57.020000
57.050000
57.020000
57.200000
57.470000
57.600000
57.620000
57.320000
57.070000
56.470000
56.320000
56.010000
55.890000
55.440000
54.830000
54.230000
53.620000
53.200000
52.720000
52.440000
52.110000
51.860000
51.410000
51.280000
51.160000
51.180000
51.330000
51.080000
51.080000
50.980000
50.980000
50.530000
50.230000
49.900000
49.600000
49.120000
49.550000
50.130000
50.430000
50.280000
50.000000
50.000000
50.180000
50.030000
50.480000
50.830000
49.520000
48.460000
47.740000
46.680000
46.070000
45.020000
43.530000
42.380000
40.440000
38.750000
37.720000
36.540000
35.480000
35.030000
34.150000
33.570000
33.120000
32.840000
32.990000
32.860000
33.010000
32.230000
32.560000
32.560000
32.410000
32.260000
32.860000
31.680000
31.280000
31.130000
30.400000
30.600000
29.370000
29.210000
29.090000
29.210000
28.760000
29.740000
29.890000
30.050000
30.470000
31.050000
31.830000
31.980000
32.410000
32.710000
32.860000
33.040000
33.440000
33.740000
34.170000
34.470000
34.630000
35.050000
35.180000
35.630000
36.240000
37.270000
38.600000
39.330000
40.390000
41.600000
42.780000
43.530000
44.290000
45.020000
46.020000
47.030000
47.030000
48.790000
49.370000
49.620000
50.350000
51.110000
51.260000
51.960000
51.530000
50.830000
50.250000
48.620000
49.250000
49.090000
48.490000
47.860000
48.190000
48.790000
49.370000
49.350000
49.770000
50.230000
49.350000
49.500000
49.650000
49.950000
50.050000
49.320000
49.320000
50.200000
51.230000
52.470000
53.300000
54.330000
55.690000
57.020000
58.350000
59.840000
61.780000
62.680000
63.440000
64.020000
64.950000
66.680000
67.540000
68.550000
69.730000
70.330000
71.790000
73.300000
74.180000
75.790000
76.370000
76.250000
76.950000
76.370000
75.520000
74.790000
72.720000
71.060000
69.750000
67.510000
66.000000
64.270000
61.800000
60.490000
59.410000
58.930000
58.660000
58.080000
57.000000
55.810000
55.080000
54.600000
54.150000
54.450000
54.330000
53.500000
52.290000
51.530000
51.410000
51.410000
51.410000
51.130000
51.160000
50.700000
50.400000
50.200000
50.200000
50.350000
50.500000
50.830000
50.830000
50.860000
50.980000
51.010000
51.280000
51.640000
52.060000
52.490000
52.770000
52.440000
52.590000
52.420000
52.570000
52.240000
51.960000
51.610000
51.330000
50.780000
50.350000
50.230000
49.920000
50.810000
50.550000
50.280000
50.450000
50.600000
50.500000
50.500000
50.680000
50.830000
50.730000
49.570000
49.090000
48.940000
47.890000
47.180000
47.280000
45.920000
44.870000
43.960000
43.210000
42.300000
42.150000
41.240000
40.360000
39.460000
38.270000
38.300000
37.570000
36.840000
36.390000
36.260000
35.380000
35.250000
35.250000
35.250000
34.680000
34.680000
34.680000
35.100000
35.100000
35.100000
35.250000
35.530000
36.260000
36.840000
37.590000
37.900000
38.320000
38.500000
38.650000
39.530000
40.110000
40.260000
40.690000
41.570000
42.150000
42.430000
43.480000
43.940000
44.360000
43.630000
43.510000
43.530000
42.680000
41.370000
40.190000
39.330000
38.000000
37.090000
36.360000
36.210000
35.460000
34.850000
34.550000
34.370000
34.520000
34.500000
34.200000
34.050000
33.920000
33.570000
33.720000
33.870000
34.600000
35.350000
36.510000
37.290000
38.900000
40.660000
42.400000
44.390000
46.120000
47.760000
49.400000
50.600000
50.600000
51.740000
52.790000
52.370000
51.940000
51.330000
51.210000
51.180000
50.430000
49.800000
49.950000
49.500000
48.590000
49.920000
50.630000
51.060000
50.910000
51.060000
51.210000
51.960000
52.290000
53.350000
53.550000
52.770000
52.790000
53.250000
53.980000
54.150000
54.450000
54.480000
54.910000
54.730000
55.310000
56.060000
56.670000
57.270000
57.270000
58.030000
58.610000
59.610000
60.070000
60.690000
61.100000
61.420000
61.730000
62.580000
63.920000
64.340000
64.670000
64.370000
65.500000
65.800000
65.980000
66.380000
66.630000
66.230000
65.530000
65.200000
65.320000
65.500000
64.920000
65.480000
66.000000
65.900000
65.780000
65.580000
65.830000
66.000000
66.000000
66.260000
66.310000
65.880000
65.300000
65.250000
65.430000
65.320000
65.200000
66.480000
66.460000
66.360000
66.000000
65.530000
65.880000
66.050000
67.360000
67.460000
67.590000
66.880000
67.090000
67.190000
67.490000
67.990000
68.570000
69.020000
68.270000
68.570000
68.720000
68.290000
68.120000
67.840000
67.290000
66.830000
65.930000
65.600000
65.350000
64.770000
64.040000
63.890000
63.920000
63.760000
63.440000
62.860000
62.130000
60.540000
59.160000
58.760000
58.180000
56.970000
55.760000
54.880000
54.630000
54.150000
53.720000
53.270000
52.590000
51.960000
51.990000
51.710000
51.310000
50.860000
50.130000
49.970000
49.820000
50.100000
49.950000
49.800000
49.650000
49.770000
49.920000
50.080000
50.230000
49.920000
49.800000
49.070000
48.890000
47.740000
46.100000
45.800000
44.410000
43.110000
41.440000
39.980000
38.630000
37.590000
36.290000
35.680000
34.930000
33.620000
33.490000
33.340000
33.190000
33.190000
33.320000
33.740000
34.170000
34.630000
35.380000
35.510000
35.350000
35.050000
35.510000
35.630000
33.840000
32.260000
32.110000
31.660000
31.660000
30.600000
30.170000
29.590000
28.560000
26.980000
26.750000
26.140000
24.840000
24.110000
22.770000
21.790000
21.460000
21.460000
21.590000
21.840000
23.730000
24.330000
25.340000
25.490000
26.820000
28.560000
29.160000
29.470000
30.070000
31.430000
31.150000
32.160000
32.590000
33.320000
33.010000
33.340000
33.770000
34.200000
34.780000
35.230000
35.780000
36.360000
36.510000
37.850000
38.730000
39.460000
40.540000
41.870000
43.380000
44.690000
46.070000
46.830000
48.920000
48.740000
49.520000
49.820000
49.820000
49.950000
49.650000
50.530000
50.630000
51.360000
51.030000
51.760000
52.010000
52.920000
53.900000
54.250000
54.810000
54.380000
55.130000
55.860000
56.490000
57.570000
59.610000
60.470000
61.370000
62.680000
64.140000
65.580000
66.310000
67.240000
68.270000
69.450000
69.630000
70.790000
72.090000
73.380000
74.130000
74.760000
75.820000
76.980000
78.610000
79.770000
79.890000
80.250000
81.450000
82.310000
82.590000
83.590000
84.120000
84.370000
84.500000
84.650000
84.850000
85.580000
84.270000
83.270000
83.120000
82.210000
81.780000
82.080000
81.810000
81.380000
81.480000
80.550000
80.070000
79.790000
79.110000
78.280000
77.280000
75.520000
73.830000
72.470000
72.950000
73.000000
73.180000
72.470000
71.840000
72.400000
71.920000
71.820000
71.290000
70.560000
68.950000
67.890000
66.830000
65.900000
65.200000
63.140000
62.280000
61.220000
60.470000
59.460000
57.800000
56.220000
54.730000
53.880000
52.970000
53.020000
52.420000
51.510000
50.750000
50.300000
50.300000
50.730000
50.300000
49.420000
48.970000
47.740000
47.130000
46.430000
46.020000
44.690000
43.230000
41.870000
40.560000
39.530000
37.490000
36.190000
33.840000
32.790000
31.280000
30.120000
29.240000
26.600000
25.870000
24.230000
23.780000
23.050000
23.650000
22.040000
21.160000
20.110000
18.620000
19.930000
20.210000
20.060000
19.200000
19.050000
18.320000
18.190000
17.040000
17.040000
17.060000
15.170000
14.290000
14.590000
15.170000
14.750000
13.840000
13.510000
13.490000
13.490000
13.190000
13.310000
12.410000
12.130000
12.100000
12.410000
13.460000
14.370000
16.430000
16.580000
16.860000
17.890000
18.650000
20.110000
20.560000
19.980000
20.710000
21.590000
20.680000
20.660000
21.940000
22.240000
24.010000
25.160000
25.620000
27.960000
28.960000
29.390000
29.870000
31.960000
32.590000
33.340000
32.760000
32.180000
32.910000
32.610000
32.180000
32.640000
33.820000
34.120000
35.300000
36.310000
38.050000
39.410000
40.870000
42.650000
44.720000
46.650000
47.810000
48.820000
49.550000
50.130000
50.430000
51.160000
51.310000
50.980000
50.680000
50.330000
50.630000
51.230000
51.530000
52.720000
53.650000
54.200000
54.930000
55.990000
57.450000
58.330000
59.260000
60.120000
60.970000
61.300000
61.880000
62.460000
63.640000
64.240000
64.290000
64.900000
65.430000
66.210000
66.830000
67.440000
67.690000
68.140000
68.170000
68.600000
68.870000
69.300000
69.900000
69.880000
70.180000
70.460000
71.820000
73.020000
74.060000
75.670000
76.700000
77.350000
77.810000
78.540000
79.390000
79.940000
79.920000
79.440000
79.110000
78.380000
78.230000
78.060000
77.630000
77.500000
77.230000
76.980000
77.450000
77.630000
77.350000
76.750000
76.850000
76.550000
76.400000
75.540000
74.810000
74.030000
72.070000
70.730000
70.160000
69.400000
68.270000
67.840000
68.290000
67.840000
67.090000
66.830000
66.580000
66.280000
65.800000
65.550000
65.250000
64.770000
63.740000
63.740000
63.870000
63.660000
63.240000
62.930000
62.510000
62.230000
61.780000
61.350000
60.590000
59.990000
59.160000
58.610000
58.280000
58.150000
58.150000
57.850000
59.210000
59.340000
58.730000
58.430000
59.710000
59.710000
59.540000
58.910000
58.330000
58.580000
57.120000
56.110000
55.690000
55.380000
54.830000
54.380000
54.530000
54.580000
55.010000
53.450000
52.210000
51.180000
50.150000
48.840000
46.000000
44.560000
42.380000
40.590000
38.400000
37.470000
36.310000
35.880000
35.580000
35.280000
35.460000
35.130000
35.130000
35.250000
34.950000
34.950000
34.950000
35.100000
34.520000
33.950000
33.060000
32.180000
31.000000
29.520000
28.460000
27.400000
26.220000
25.770000
25.620000
25.590000
25.720000
26.900000
28.380000
28.990000
29.160000
28.890000
28.460000
28.760000
28.910000
28.510000
29.270000
28.810000
28.640000
29.240000
30.270000
31.610000
33.220000
32.910000
33.340000
34.200000
33.590000
33.470000
33.370000
33.520000
33.370000
32.910000
32.760000
32.760000
33.060000
33.370000
33.820000
34.550000
34.830000
35.130000
36.010000
37.320000
38.050000
38.930000
39.530000
40.540000
42.050000
42.630000
44.240000
45.970000
47.180000
47.790000
48.990000
49.450000
50.350000
51.230000
51.810000
52.970000
53.550000
53.150000
52.670000
53.450000
53.850000
54.760000
54.710000
54.400000
54.200000
53.900000
53.800000
54.050000
55.410000
56.870000
57.470000
57.880000
58.810000
59.710000
60.470000
61.250000
61.780000
62.680000
62.830000
62.250000
62.680000
63.110000
63.540000
64.270000
65.000000
65.580000
66.050000
66.510000
66.780000
66.880000
67.210000
67.690000
68.090000
68.090000
68.240000
68.270000
68.290000
68.420000
68.820000
69.730000
70.760000
71.210000
71.390000
71.570000
71.720000
71.970000
72.270000
72.600000
72.650000
72.220000
71.310000
70.840000
70.680000
70.560000
70.310000
70.160000
69.950000
69.530000
69.100000
68.620000
68.470000
68.750000
68.750000
68.600000
68.390000
68.240000
68.270000
68.120000
68.070000
68.070000
67.940000
68.440000
68.170000
67.840000
67.840000
67.590000
66.960000
66.480000
65.800000
64.950000
63.590000
61.520000
60.470000
59.460000
57.980000
56.620000
56.640000
55.610000
55.440000
54.530000
53.850000
53.220000
52.640000
52.320000
52.210000
52.370000
51.080000
51.080000
50.230000
50.250000
50.400000
50.250000
50.280000
49.820000
49.370000
48.620000
47.530000
46.700000
45.620000
44.410000
43.210000
41.750000
40.390000
38.930000
37.690000
36.540000
35.810000
35.180000
34.750000
34.320000
33.720000
33.570000
32.960000
32.810000
32.440000
32.280000
32.440000
32.130000
31.980000
31.680000
31.680000
31.830000
31.960000
32.110000
32.110000
32.390000
32.110000
31.760000
31.610000
31.760000
31.760000
31.610000
31.780000
31.810000
31.960000
31.830000
32.110000
32.460000
32.760000
33.060000
33.220000
33.390000
33.270000
33.270000
33.390000
33.540000
33.690000
34.000000
34.000000
34.000000
34.000000
33.970000
34.250000
34.650000
34.950000
34.950000
35.410000
35.710000
35.980000
36.560000
37.440000
38.320000
39.100000
39.710000
40.440000
41.290000
41.720000
42.120000
42.730000
43.030000
43.030000
43.330000
43.560000
43.710000
43.830000
43.710000
43.830000
44.040000
44.010000
44.290000
44.870000
45.450000
45.770000
46.350000
46.960000
47.680000
48.290000
48.990000
49.600000
50.050000
50.350000
50.230000
50.200000
50.200000
50.200000
50.200000
49.800000
49.220000
49.400000
49.400000
49.420000
49.250000
49.420000
49.720000
49.770000
50.380000
50.980000
51.560000
52.720000
53.020000
54.300000
55.660000
56.370000
56.820000
57.550000
58.580000
59.230000
59.860000
59.560000
60.590000
60.640000
61.070000
61.680000
62.380000
62.810000
62.200000
62.230000
62.380000
62.380000
61.780000
61.350000
60.900000
